1 4 5 6 23 5 8 9 23 44 8 3 45 892 2 3 4 5 78 9 8 6 7 8 44 55 66 44
3 4 2 1 2 3 4 3 4 5 6 4 3 22 33 22 332 23 4 5 89 0 99 8 8 0 34 3 3
1 2 3 4 5 6 34 45 6 4 3 34 56 49 30 49 59 30 45 33 23 29 90 0 0 0 2 3
6 8 99 78 777 7 7 3 0 67 8 8 9 0 3 4 5 3 2 2 2 3 33 44 55 4 4 3 4 5 6 3 3
45 4 3 2 3 4 99 8 7 6 7 8 748 9 0 0 34 53 329 0 2 9 0 33 44 33 22 33 44 33 445
2 3 4 5 3 3 340 30 40 3 040 30 304 3 3 2 2 34 33 32 334 4403 3030 3 3 9 7 9 0 3
56 7 9 0 2 4 7 8 90 65 8 40 0 43 59 0 4337 7 7 9 3 2 39 49 1 24 2 59 0 23 2 2 3
1 0 2 3 7 80 30
2 1 4 7 8 90 345640 2
2 35 6 3 2 9 8 3 3 2 4
1 2
567 0 2
3950 3 58 3 0 2 3 4 3 98 0 3